2018;10;08;00;00;50;26;30.700000762939453;-0.8308806535243047;727.1249633587913;null;null
2018;10;08;00;01;50;26.100000381469727;30.799999237060547;0.12517223805601568;735.0474716126255;null;null
2018;10;08;00;02;50;26.100000381469727;30.799999237060547;-0.7640342790616352;702.2829795187362;null;null
2018;10;08;00;03;50;26;30.799999237060547;-0.6982008016402667;678.9235949480753;null;null
2018;10;08;00;04;50;26;30.899999618530273;-0.5767081207561491;764.6307269594038;null;null
2018;10;08;00;05;50;26;30.899999618530273;0.03917074111400004;758.2150250304369;null;null
2018;10;08;00;06;50;26;30.899999618530273;-0.5275876252414117;819.3829936138108;null;null
2018;10;08;00;07;50;26;30.700000762939453;0.16134148452397787;663.5635580658554;null;null
2018;10;08;00;08;50;26;30.899999618530273;-0.05804883064380545;772.5109717539942;null;null
2018;10;08;00;09;50;26;30.700000762939453;-0.4346377221282318;748.4597505148668;null;null
2018;10;08;00;10;51;26;30.799999237060547;-0.7862576710295832;818.2351686711756;null;null
2018;10;08;00;11;51;26;30.799999237060547;-0.8197969477852027;812.0788889959276;null;null
2018;10;08;00;12;51;26;30.899999618530273;-0.12988868086416347;731.0817102572472;null;null
2018;10;08;00;13;51;26;31;-0.36778363068516423;705.1459934829409;null;null
2018;10;08;00;14;46;26;31.299999237060547;-0.37556480000000003;589.8615398400002;null;null
2018;10;08;00;14;56;26;31.799999237060547;0.04437435285503999;742.7937046398831;null;null
2018;10;08;00;15;06;26;31.399999618530273;-0.24920282371613475;741.9694239418354;null;null
2018;10;08;00;15;17;26;30.899999618530273;-0.049647025020242486;794.334746135847;null;null
2018;10;08;00;15;27;26;30.899999618530273;-0.35095573578152517;919.497325882263;null;null
2018;10;08;00;15;37;26;30.899999618530273;0.16307882449910982;861.5116567968641;null;null
2018;10;08;00;15;47;26;30.799999237060547;-0.1924389533635234;896.7158808059887;null;null
2018;10;08;00;15;57;26;30.799999237060547;-0.268466173592422;881.5640958864042;null;null
2018;10;08;00;16;07;26;30.799999237060547;-0.26060594983053564;768.7959925453093;null;null
2018;10;08;00;16;17;26;30.799999237060547;-0.0326242288899008;670.7804660069366;null;null
2018;10;08;00;16;27;26;30.899999618530273;-0.3696103973491931;667.3258076677904;null;null
2018;10;08;00;16;37;26;30.899999618530273;-0.1944911480027069;698.2869508202123;null;null
2018;10;08;00;16;47;26;30.899999618530273;0.035570759998706014;798.609624598921;null;null
2018;10;08;00;16;57;26;30.799999237060547;-0.3029953386908993;803.5157461957504;null;null
2018;10;08;00;17;07;26;30.899999618530273;-0.4040867280526297;829.3445886165912;null;null
2018;10;08;00;17;17;26;30.899999618530273;-0.22702792899090302;839.9372645365171;null;null
2018;10;08;00;17;27;25.899999618530273;30.899999618530273;0.7097903924660871;803.6470034197287;null;null
2018;10;08;00;17;37;26;30.899999618530273;-0.15280173270871683;845.7096832412553;null;null
2018;10;08;00;17;47;25.899999618530273;30.799999237060547;0.1960639540646449;879.4960250903015;null;null
2018;10;08;00;17;57;25.899999618530273;30.799999237060547;-0.1783384086605422;756.4111600010178;null;null
2018;10;08;00;18;07;26;30.899999618530273;-0.0778331800319419;756.7303844491813;null;null
2018;10;08;00;18;17;25.899999618530273;31;-0.04628760091703471;880.1309854213359;null;null
2018;10;08;00;18;28;25.899999618530273;31;0.07840798651616386;894.4013832338328;null;null
2018;10;08;00;18;38;26;31;0.004874183217293299;848.8356890921282;null;null
2018;10;08;00;18;48;26;31;0.1897559922466012;951.513422644075;null;null
2018;10;08;00;18;58;26;31;-0.17966128413480562;883.8675063459897;null;null
2018;10;08;00;19;08;26;31;-0.25324250213458765;808.2015516668508;null;null
2018;10;08;00;19;18;26;31;0.03500639801634453;806.6198981427996;null;null
2018;10;08;00;19;28;26;31;-0.08592594099097822;877.7727709303977;null;null
2018;10;08;00;19;38;26;31.100000381469727;0.19452402409988878;854.4325514102227;null;null
2018;10;08;00;19;48;26;31;-1.23660204430487;915.8334198055054;null;null
2018;10;08;00;19;58;26;31;-0.964487806302256;840.2579936011957;null;null
2018;10;08;00;20;08;26;31;-0.22429655319623892;854.9275081437389;null;null
2018;10;08;00;20;18;26;30.899999618530273;-0.06906719651285989;755.870840764693;null;null
2018;10;08;00;20;28;26;30.899999618530273;-0.1901644409301337;772.5883914761087;null;null
2018;10;08;00;20;39;26;30.899999618530273;0.060293532796810906;835.3374618360907;null;null
2018;10;08;00;21;39;26;31;-0.1108572237686482;852.5210698211588;null;null
2018;10;08;00;22;39;26;31;-0.36960455606760856;732.9612954617585;null;null
2018;10;08;00;23;39;26.100000381469727;31;-0.027093514717303813;704.8820133360176;null;null
2018;10;08;00;24;39;26.100000381469727;30.899999618530273;-0.15571072185764231;762.2073923225327;null;null
2018;10;08;00;25;39;26.100000381469727;30.899999618530273;-0.25511890517651986;742.9331445223986;null;null
2018;10;08;00;26;39;26.100000381469727;31;-0.0036463122228748424;807.7181735921151;null;null
2018;10;08;00;27;39;26.100000381469727;31;-0.34149985887135326;795.8388551185053;null;null
2018;10;08;00;28;39;26.100000381469727;30.899999618530273;-0.36732296896254213;760.7940792551589;null;null
2018;10;08;00;29;39;26.100000381469727;31;-0.06589151237571664;717.1496984898116;null;null
2018;10;08;00;30;39;26.100000381469727;30.899999618530273;-0.3005626013569408;748.7372048389847;null;null
2018;10;08;00;31;39;26.100000381469727;30.899999618530273;-0.5045683532126424;815.511633460249;null;null
2018;10;08;00;32;39;26;31;0.03300034689234002;796.700436513443;null;null
2018;10;08;00;33;39;26.100000381469727;30.899999618530273;-0.20389315706425443;793.5736312293802;null;null
2018;10;08;00;34;39;26.100000381469727;30.899999618530273;-0.25952936776545193;720.9613555103967;null;null
2018;10;08;00;35;40;26.100000381469727;31;-0.5573625832293833;774.1420140631341;null;null
2018;10;08;00;36;40;26.100000381469727;30.899999618530273;-0.6706365712726043;758.7206497076533;null;null
2018;10;08;00;37;40;26.100000381469727;31.100000381469727;-0.5818833533396857;793.4403855975705;null;null
2018;10;08;00;38;40;26.100000381469727;31.100000381469727;-0.20959458382230292;738.0679170829374;null;null
2018;10;08;00;39;40;26.100000381469727;31.200000762939453;0.2193200467731078;734.2526560446316;null;null
2018;10;08;00;40;40;26.100000381469727;31.399999618530273;-0.9076532070733883;743.4090818129313;null;null
2018;10;08;00;41;40;26;31.100000381469727;-0.35601584231504635;733.0557823427691;null;null
2018;10;08;00;42;40;26;31.100000381469727;-0.26462673357426847;812.5804691241365;null;null
2018;10;08;00;43;40;26;31.200000762939453;-0.6354503104460931;778.4644275984623;null;null
2018;10;08;00;44;40;25.899999618530273;31.200000762939453;0.13170921105473543;845.4823447266972;null;null
2018;10;08;00;45;40;26;31.299999237060547;-0.3027668611694512;867.6172363366628;null;null
2018;10;08;00;46;40;26;31.299999237060547;-0.11489064506800575;700.6992358417907;null;null
2018;10;08;00;47;41;26;31.299999237060547;-0.011550314608565882;856.0438051844085;null;null
2018;10;08;00;48;41;26;31.399999618530273;-0.38187827653819834;772.8769440083261;null;null
2018;10;08;00;49;41;26;31.399999618530273;-0.4032216791398636;800.419377288095;null;null
2018;10;08;00;50;41;25.899999618530273;31.200000762939453;-0.5125553150851523;816.5542817534788;null;null
2018;10;08;00;51;41;25.899999618530273;31.299999237060547;-0.3659994404141458;796.26812008703;null;null
2018;10;08;00;52;41;26;31.299999237060547;-0.12026455730792592;815.7766896576758;null;null
2018;10;08;00;53;41;26;31.100000381469727;-0.4340339876407957;826.8040861015181;null;null
2018;10;08;00;54;55;26;31.100000381469727;-0.3035648000000001;796.0036736;null;null
2018;10;08;00;55;05;26;31.100000381469727;-0.08565769093120001;907.2784920097589;null;null
2018;10;08;00;55;16;26;31.100000381469727;-0.27647251978517484;766.7416096060202;null;null
2018;10;08;00;55;26;26.100000381469727;31.200000762939453;-0.27743648978125196;817.4163996854788;null;null
2018;10;08;00;55;36;26;31.100000381469727;-0.29218431117721655;864.3654309433203;null;null
2018;10;08;00;55;46;26;31.200000762939453;-0.07248829125539227;849.9489200186919;null;null
2018;10;08;00;55;56;26;31.100000381469727;-0.21033789649828286;828.6687985212035;null;null
2018;10;08;00;56;06;26;31.100000381469727;-0.2200028175396459;880.2764656125073;null;null
2018;10;08;00;56;16;26;31.100000381469727;-0.3692739348808904;793.2642254412203;null;null
2018;10;08;00;56;26;26;31.100000381469727;-0.16335292568666637;858.4811194330007;null;null
2018;10;08;00;56;36;26;31.100000381469727;-0.20128479148096443;932.0933622864927;null;null
2018;10;08;00;56;46;26;31.200000762939453;0.022414719697611246;889.8029839124677;null;null
2018;10;08;00;58;10;25.899999618530273;31.399999618530273;-0.4059648000000001;702.5683481600001;null;null
2018;10;08;00;58;20;25.899999618530273;31.399999618530273;-0.10153551137996791;738.8193645184353;null;null
2018;10;08;00;58;30;25.899999618530273;31.299999237060547;-0.5379564320609218;931.6499094350854;null;null
2018;10;08;00;58;40;25.899999618530273;31.299999237060547;-0.12637315259275406;913.523106469729;null;null
2018;10;08;00;58;50;25.899999618530273;31.299999237060547;-0.10405373677649599;764.2175828623366;null;null
2018;10;08;00;59;00;25.899999618530273;31.299999237060547;-0.07907908017506421;863.1598656267934;null;null
2018;10;08;00;59;10;25.899999618530273;31.200000762939453;0.037192891908216424;876.9178469215171;null;null
2018;10;08;00;59;20;25.899999618530273;31.299999237060547;-0.05330822818791198;903.7437901205725;null;null
2018;10;08;00;59;30;25.899999618530273;31.299999237060547;-0.3854172365888589;910.3569715951154;null;null
2018;10;08;00;59;40;25.899999618530273;31.5;-0.24217524228374396;957.9605874955713;null;null
2018;10;08;00;59;50;25.899999618530273;31.399999618530273;-0.3410821034964671;905.9619047990011;null;null
2018;10;08;01;00;00;25.899999618530273;31.399999618530273;0.01985495875905413;893.324698605843;null;null
2018;10;08;01;00;11;25.899999618530273;31.399999618530273;-0.18685914169106652;908.0043172391628;null;null
2018;10;08;01;00;21;25.899999618530273;30.600000381469727;-0.23691000354932867;776.0264797906748;null;null
2018;10;08;01;00;31;25.899999618530273;31.399999618530273;-0.28743833745380504;796.6755568978085;null;null
2018;10;08;01;00;41;25.899999618530273;31.5;-0.2698677944168628;789.0402089499355;null;null
2018;10;08;01;00;51;25.899999618530273;31.399999618530273;-0.12060022309961421;968.8955364279777;null;null
2018;10;08;01;01;01;25.899999618530273;31.399999618530273;0.1818248800740958;994.6024419208807;null;null
2018;10;08;01;01;11;25.899999618530273;31.299999237060547;-0.17441255891028495;791.3997876279261;null;null
2018;10;08;01;01;21;25.899999618530273;31.399999618530273;0.1334582353256178;848.8515698738787;null;null
2018;10;08;01;01;31;25.899999618530273;31.399999618530273;0.07784422051295908;984.5011493971318;null;null
2018;10;08;01;01;41;25.899999618530273;30.600000381469727;-0.6559948837262808;990.7119082460497;null;null
2018;10;08;01;01;51;25.899999618530273;31.399999618530273;-0.07985689823963382;944.8483087841618;null;null
2018;10;08;01;02;13;25.899999618530273;31.299999237060547;-0.37556480000000003;785.5138483200002;null;null
2018;10;08;01;02;23;25.899999618530273;31.299999237060547;0.22378492228403213;754.381592482559;null;null
2018;10;08;01;02;33;25.899999618530273;31.299999237060547;0.25331959978702445;923.9533108350389;null;null
2018;10;08;01;02;43;25.899999618530273;31.299999237060547;0.003268970533255755;811.002865097946;null;null
2018;10;08;01;02;53;25.899999618530273;31.399999618530273;-0.13985844719082416;817.807244054589;null;null
2018;10;08;01;03;03;25.899999618530273;31.399999618530273;-0.25743924222431314;783.8916058786859;null;null
2018;10;08;01;03;14;25.899999618530273;31.399999618530273;-0.2383089221709203;744.454736084136;null;null
2018;10;08;01;03;24;25.899999618530273;31.399999618530273;-0.29844688261988744;825.9207515750657;null;null
2018;10;08;01;03;34;25.899999618530273;31.399999618530273;-0.12204484767800626;740.3060556007156;null;null
2018;10;08;01;03;44;25.899999618530273;31.899999618530273;-0.12831332454970334;865.2658346492124;null;null
2018;10;08;01;03;54;25.899999618530273;31.5;-0.269853254520606;934.3467871733015;null;null
2018;10;08;01;04;04;25.899999618530273;31.5;-0.31368441155304977;863.0954081414066;null;null
2018;10;08;01;04;14;25.899999618530273;31.5;0.28110841089426986;873.6201365374569;null;null
2018;10;08;01;04;24;25.899999618530273;31.600000381469727;-0.5986291167345326;967.8960808579805;null;null
2018;10;08;01;04;34;25.899999618530273;31.600000381469727;-0.01539762494180591;911.4789492610782;null;null
2018;10;08;01;04;44;25.899999618530273;31.5;-0.07566431599419576;852.4198129120617;null;null
2018;10;08;01;04;54;25.899999618530273;31.5;0.013658139416584947;824.7906863590528;null;null
2018;10;08;01;05;04;25.899999618530273;31.5;-0.21659168056062303;786.2525655583411;null;null
2018;10;08;01;05;14;25.899999618530273;31.5;0.23928404764236882;816.289696545726;null;null
2018;10;08;01;05;25;26;31.600000381469727;0.23840687738516111;894.4492209690266;null;null
2018;10;08;01;05;35;25.899999618530273;31.600000381469727;-0.18246596322223635;813.510218612291;null;null
2018;10;08;01;05;45;25.899999618530273;31.600000381469727;-0.17438998877627532;909.4899253983206;null;null
2018;10;08;01;05;55;25.899999618530273;30.5;-0.783571289217768;888.3275616023153;null;null
2018;10;08;01;06;05;25.899999618530273;31.5;-0.2963786301648398;862.7058894775538;null;null
2018;10;08;01;06;15;25.899999618530273;31.5;-0.18269270370074545;814.1977253529633;null;null
2018;10;08;01;06;25;25.899999618530273;31.5;-0.1079310316128913;806.6354486495537;null;null
2018;10;08;01;06;35;25.899999618530273;31.700000762939453;-0.3432606881858004;887.2100990507889;null;null
2018;10;08;01;06;45;25.899999618530273;31.5;0.04007745031998533;737.1215617315651;null;null
2018;10;08;01;06;55;25.899999618530273;31.5;-0.22187994949065432;868.7793365428477;null;null
2018;10;08;01;07;05;25.899999618530273;31.5;0.3277928972906098;838.9589521401286;null;null
2018;10;08;01;07;15;25.899999618530273;31.600000381469727;-0.5863910587326504;818.6138428398576;null;null
2018;10;08;01;07;25;25.899999618530273;31.600000381469727;-0.6257857776568937;871.3333145739296;null;null
2018;10;08;01;07;35;25.899999618530273;31.600000381469727;-0.6773774836226111;886.1842084156684;null;null
2018;10;08;01;07;45;25.899999618530273;31.600000381469727;0.45035694616654287;962.9872058437871;null;null
2018;10;08;01;07;55;25.899999618530273;31.5;0.1594194970367058;877.9570608709712;null;null
2018;10;08;01;08;05;25.899999618530273;31.600000381469727;-1.122903109308831;841.1220555295745;null;null
2018;10;08;01;08;16;25.899999618530273;31.600000381469727;-0.20035385014932344;853.081328719837;null;null
2018;10;08;01;08;26;25.899999618530273;31.600000381469727;-0.017385559693544245;779.1132734687467;null;null
2018;10;08;01;08;36;25.899999618530273;31.600000381469727;0.19914142709740512;816.5624742145225;null;null
2018;10;08;01;08;46;25.899999618530273;31.200000762939453;-0.23067221578798228;804.4394825923937;null;null
2018;10;08;01;08;56;25.899999618530273;31.600000381469727;-0.37323946986841994;751.2543716638085;null;null
2018;10;08;01;09;06;25.899999618530273;31.600000381469727;0.00984120992865034;923.6565840043502;null;null
2018;10;08;01;09;16;26;31.600000381469727;-0.32280014869157114;888.2281417966316;null;null
2018;10;08;01;09;26;25.899999618530273;31.600000381469727;-0.18001609774288263;856.6832908820073;null;null
2018;10;08;01;09;36;26;31.399999618530273;-0.06664613992671026;921.1795844839785;null;null
2018;10;08;01;09;46;26;31.399999618530273;-0.011089206851166478;884.6188473567797;null;null
2018;10;08;01;09;56;25.899999618530273;31.299999237060547;-0.10461037523263383;809.6379416971968;null;null
2018;10;08;01;10;56;26;31.299999237060547;0.00846161423601316;904.116897656493;null;null
2018;10;08;01;11;56;25.899999618530273;31.100000381469727;0.05111178329746274;726.246832652329;null;null
2018;10;08;01;12;56;25.899999618530273;31.299999237060547;-0.07913708214341596;881.29115015905;null;null
2018;10;08;01;13;56;25.899999618530273;31.200000762939453;-0.43906024900912294;770.8409595310683;null;null
2018;10;08;01;14;56;25.899999618530273;31.299999237060547;-0.4787180863463985;782.7696028770001;null;null
2018;10;08;01;15;56;25.799999237060547;31.399999618530273;-0.561145007377402;849.7626180970168;null;null
2018;10;08;01;16;56;25.700000762939453;31.399999618530273;-0.25822463745115337;739.4993246067396;null;null
2018;10;08;01;17;56;25.799999237060547;31.600000381469727;-0.16603843148799616;753.5727651582513;null;null
2018;10;08;01;18;56;25.700000762939453;31.600000381469727;-0.32969086629375316;720.0438854077728;null;null
2018;10;08;01;19;56;25.700000762939453;31.5;-0.14102598596296775;789.2001870696546;null;null
2018;10;08;01;20;57;25.600000381469727;31.5;-0.017031292851421;769.2166766713502;null;null
2018;10;08;01;21;57;25.600000381469727;31.600000381469727;-0.04345652098659434;777.1761974331741;null;null
2018;10;08;01;22;57;25.5;31.799999237060547;0.18784520560799373;873.4588807039504;null;null
2018;10;08;01;23;57;25.5;31.799999237060547;-0.4191148051368785;813.3293606586053;null;null
2018;10;08;01;24;57;25.399999618530273;32;-0.19972443147780192;851.4695065091134;null;null
2018;10;08;01;25;57;25.399999618530273;31.899999618530273;0.4062383607261974;700.3175925211682;null;null
2018;10;08;01;26;57;25.399999618530273;32;-0.058371051165791714;755.2129247832763;null;null
2018;10;08;01;27;57;25.299999237060547;31.899999618530273;0.14386750333055573;741.81129676351;null;null
2018;10;08;01;28;57;25.299999237060547;31.899999618530273;-0.02316639776553192;679.9238454904153;null;null
2018;10;08;01;29;57;25.299999237060547;31.899999618530273;0.023250454259321908;742.6074217934334;null;null
2018;10;08;01;30;57;25.399999618530273;32.099998474121094;0.032984773665084545;766.7715174263155;null;null
2018;10;08;01;31;57;25.299999237060547;32;-0.2125385915938721;699.9146949313634;null;null
2018;10;08;01;32;57;25.299999237060547;32.099998474121094;0.042992226756172786;638.4179979443761;null;null
2018;10;08;01;33;57;25.200000762939453;32;-0.1683519012539071;759.2872240980037;null;null
2018;10;08;01;34;57;25.299999237060547;32.099998474121094;-0.11798044211347469;706.9952064473262;null;null
2018;10;08;01;35;57;25.299999237060547;32;0.004208134982605277;664.8853179191424;null;null
2018;10;08;01;36;58;25.200000762939453;32;-0.11418679210439675;680.9414788995813;null;null
2018;10;08;01;37;58;25.200000762939453;32.099998474121094;-0.40340270594353206;762.8913145885774;null;null
2018;10;08;01;38;58;25.100000381469727;32.099998474121094;-0.12202687915748905;817.4975270172067;null;null
2018;10;08;01;39;58;25.200000762939453;32.20000076293945;-0.43704461420986085;761.3031524623353;null;null
2018;10;08;01;40;58;25.200000762939453;32.20000076293945;-0.17104423894235518;746.3612963834155;null;null
2018;10;08;01;41;58;25.200000762939453;32.099998474121094;-0.41143537677864384;769.6008253433074;null;null
2018;10;08;01;42;58;25.200000762939453;32.099998474121094;-0.41032905232820877;800.2959172856297;null;null
2018;10;08;01;43;58;25.100000381469727;32.29999923706055;-0.35094355141985667;717.3878098821915;null;null
2018;10;08;01;44;58;25.100000381469727;32.29999923706055;-0.3186541970747256;732.4543680216048;null;null
2018;10;08;01;45;58;25.100000381469727;32.20000076293945;0.16128217132963446;772.1030130244197;null;null
2018;10;08;01;46;58;25.100000381469727;32.29999923706055;-0.3417414771831715;711.345814597019;null;null
2018;10;08;01;47;58;25.100000381469727;32.29999923706055;-0.3948043822357643;762.3303995019015;null;null
2018;10;08;01;48;58;25;32.29999923706055;-0.03812838398515986;776.4095003180971;null;null
2018;10;08;01;49;59;25;32.400001525878906;-0.01910073707079979;725.0705357128879;null;null
2018;10;08;01;50;59;25;32.29999923706055;-0.37957051489495025;731.7648092889083;null;null
2018;10;08;01;51;59;25;32.400001525878906;-0.479223125156238;792.8456657329854;null;null
2018;10;08;01;52;59;24.899999618530273;32.5;-0.36199157353676553;829.834360933329;null;null
2018;10;08;01;53;59;24.899999618530273;32.5;-0.025596108194062023;760.0015658960044;null;null
2018;10;08;01;54;59;24.899999618530273;32.5;0.15861384564068862;700.0786217537552;null;null
2018;10;08;01;55;59;25;32.5;-0.3423010656386939;821.2355547014507;null;null
2018;10;08;01;56;59;25;32.5;-0.41286817055078984;746.6015402013259;null;null
2018;10;08;01;57;59;25;32.5;-0.4323807447685544;829.9511002589036;null;null
2018;10;08;01;58;59;25;32.400001525878906;-0.46624161436528644;722.2597332648131;null;null
2018;10;08;01;59;59;25;32.5;-0.356286753404939;762.2989948908616;null;null
2018;10;08;02;00;59;25;32.599998474121094;-0.35099843468458436;779.9143389733362;null;null
2018;10;08;02;01;59;25;32.599998474121094;-0.07880200554365169;900.491220784529;null;null
2018;10;08;02;02;59;24.899999618530273;32.5;0.3463184173176097;788.7703158920576;null;null
2018;10;08;02;03;59;24.899999618530273;32.5;-0.41537176384855407;750.8864493513662;null;null
2018;10;08;02;04;59;25;32.599998474121094;-0.3283432156623154;847.6952892024096;null;null
2018;10;08;02;05;59;24.899999618530273;32.70000076293945;0.1090065894869876;730.9381055313131;null;null
2018;10;08;02;07;00;24.899999618530273;32.599998474121094;-0.07564846128441852;754.2961653891207;null;null
2018;10;08;02;08;00;24.899999618530273;32.599998474121094;-0.1719734321879541;824.5571450776401;null;null
2018;10;08;02;09;00;24.899999618530273;32.70000076293945;-0.44541811418078664;887.0740558331094;null;null
2018;10;08;02;10;00;24.899999618530273;32.599998474121094;0.06581524088076277;775.1440392270816;null;null
2018;10;08;02;11;00;24.899999618530273;32.70000076293945;-0.3617623435956427;792.0575353722525;null;null
2018;10;08;02;12;00;24.799999237060547;32.79999923706055;-0.38589586223962896;737.4792788420991;null;null
2018;10;08;02;13;00;24.799999237060547;32.70000076293945;-0.39324822792875624;738.8210586065815;null;null
2018;10;08;02;14;00;24.799999237060547;32.79999923706055;-0.1636964246157799;722.531650295913;null;null
2018;10;08;02;15;00;24.799999237060547;32.79999923706055;-0.021785628427583206;722.3186309985101;null;null
2018;10;08;02;16;00;24.799999237060547;32.70000076293945;-0.04084697177852034;747.209272963579;null;null
2018;10;08;02;17;00;24.799999237060547;32.79999923706055;-0.5160953797477934;763.7209546571296;null;null
2018;10;08;02;18;00;24.799999237060547;32.79999923706055;-0.3363418457828845;777.0116620400888;null;null
2018;10;08;02;19;00;24.799999237060547;32.70000076293945;-0.6130339968209086;680.3940105070699;null;null
2018;10;08;02;20;00;24.799999237060547;32.79999923706055;-0.43335883780007706;783.833576633834;null;null
2018;10;08;02;21;00;24.799999237060547;32.900001525878906;-0.5493907353410108;777.6853160904799;null;null
2018;10;08;02;22;00;24.799999237060547;32.70000076293945;-0.08710678794018718;816.8485270407828;null;null
2018;10;08;02;23;00;24.799999237060547;32.79999923706055;0.1882940660366129;779.2158542544508;null;null
2018;10;08;02;24;00;24.799999237060547;32.79999923706055;-0.21902067228231853;746.0180295181432;null;null
2018;10;08;02;25;01;24.799999237060547;32.79999923706055;0.041632835908179094;815.6417832512028;null;null
2018;10;08;02;26;01;24.799999237060547;32.70000076293945;-0.3989799691927593;766.8793341623063;null;null
2018;10;08;02;27;01;24.799999237060547;32.70000076293945;0.1985726687717974;722.8507802717721;null;null
2018;10;08;02;28;01;24.799999237060547;32.70000076293945;0.13988520555680906;871.1963359638809;null;null
2018;10;08;02;29;01;24.799999237060547;32.70000076293945;0.06447205386038732;777.3947829087463;null;null
2018;10;08;02;30;01;24.799999237060547;32.79999923706055;0.04865676966974192;681.9610127766645;null;null
2018;10;08;02;31;01;24.799999237060547;32.79999923706055;-0.20100873581735618;771.0489086293288;null;null
2018;10;08;02;32;01;24.700000762939453;32.79999923706055;-0.2795579097869472;708.8466387863853;null;null
2018;10;08;02;33;01;24.700000762939453;32.79999923706055;-0.3962805943700415;781.0563592179319;null;null
2018;10;08;02;34;01;24.799999237060547;32.79999923706055;-0.5416148641044322;796.0857435077286;null;null
2018;10;08;02;35;01;24.799999237060547;32.70000076293945;-0.08547606954863385;723.0345833168722;null;null
2018;10;08;02;36;01;24.799999237060547;32.79999923706055;-0.042245631020605724;733.4668558382175;null;null
2018;10;08;02;37;01;24.799999237060547;32.79999923706055;-0.3721666807668901;790.840818765483;null;null
2018;10;08;02;38;01;24.799999237060547;32.79999923706055;-0.03683300989036453;761.2703050204536;null;null
2018;10;08;02;39;01;24.799999237060547;32.79999923706055;-0.23583324203575978;761.5535019771406;null;null
2018;10;08;02;40;02;24.799999237060547;32.900001525878906;-0.30796661552017784;824.9711433778367;null;null
2018;10;08;02;41;02;24.700000762939453;32.900001525878906;-0.006870080367137266;812.2577506621695;null;null
2018;10;08;02;42;02;24.700000762939453;33;-0.19111740822256826;677.2213246653338;null;null
2018;10;08;02;43;02;24.700000762939453;32.900001525878906;0.34910189960889804;797.9087660371646;null;null
2018;10;08;02;44;02;24.700000762939453;32.900001525878906;0.2683137104638438;756.9252636512375;null;null
2018;10;08;02;45;02;24.700000762939453;32.900001525878906;-0.13574317068416616;828.3234536413379;null;null
2018;10;08;02;46;02;24.700000762939453;32.900001525878906;0.031713115049068756;797.2609788360674;null;null
2018;10;08;02;47;02;24.700000762939453;33;-0.37120166218788936;715.9009625830415;null;null
2018;10;08;02;48;02;24.600000381469727;33.20000076293945;-0.08271063082606567;788.2223423586362;null;null
2018;10;08;02;49;02;24.600000381469727;33;0.10579032351418549;786.71258697221;null;null
2018;10;08;02;50;02;24.600000381469727;32.900001525878906;0.004893038853842097;768.4171292155157;null;null
2018;10;08;02;51;02;24.700000762939453;32.79999923706055;-0.13003638744202167;812.5017778694865;null;null
2018;10;08;02;52;02;24.700000762939453;32.900001525878906;0.4440727944002554;784.1420864370042;null;null
2018;10;08;02;53;02;24.600000381469727;32.900001525878906;-0.2863271851077916;767.6673784855539;null;null
2018;10;08;02;54;02;24.600000381469727;32.900001525878906;-0.22707436289031757;843.4895982500591;null;null
2018;10;08;02;55;02;24.600000381469727;32.900001525878906;-0.10232175707418588;875.5655739159448;null;null
2018;10;08;02;56;03;24.600000381469727;32.900001525878906;-0.11101634219933142;802.910733957518;null;null
2018;10;08;02;57;03;24.600000381469727;32.900001525878906;-0.3988466144076013;760.7998153232385;null;null
2018;10;08;02;58;03;24.600000381469727;32.79999923706055;-0.3560793975098131;708.3922454304762;null;null
2018;10;08;02;59;03;24.600000381469727;32.79999923706055;-0.13456646206465;681.077517714497;null;null
2018;10;08;03;00;03;24.600000381469727;32.79999923706055;-0.13489650600414443;719.2877573143996;null;null
2018;10;08;03;01;03;24.600000381469727;32.900001525878906;-0.1829518781887682;797.4746917461929;null;null
2018;10;08;03;02;03;24.600000381469727;32.900001525878906;-0.025823789724733183;701.2788012744913;null;null
2018;10;08;03;03;03;24.600000381469727;33;-0.09189731298150428;631.4545062920325;null;null
2018;10;08;03;04;03;24.600000381469727;33;-0.29170746337137876;665.5796160623481;null;null
2018;10;08;03;05;03;24.5;33;-0.38256215121793713;742.5997202387509;null;null
2018;10;08;03;06;03;24.5;33;-0.35586199844407995;774.2953273998512;null;null
2018;10;08;03;07;03;24.5;33;-0.07383108772012488;819.8278286757806;null;null
2018;10;08;03;08;04;24.5;32.900001525878906;0.16019649867255648;808.9053842563071;null;null
2018;10;08;03;09;04;24.5;33;0.1460308407584149;848.7932755523109;null;null
2018;10;08;03;10;04;24.5;33;0.22630214958065537;749.5681231528868;null;null
2018;10;08;03;11;04;24.5;33;-0.04239699944026301;672.173062448506;null;null
2018;10;08;03;12;04;24.5;33;-0.3516581190212683;659.0073146260011;null;null
2018;10;08;03;13;04;24.5;33;-0.47650628220973534;789.036795830604;null;null
2018;10;08;03;14;04;24.5;33;-0.32239461027487115;808.1199397159796;null;null
2018;10;08;03;15;04;24.5;33;-0.3641176401381734;713.8728022252199;null;null
2018;10;08;03;16;04;24.5;33;-0.11977125465638139;825.8691327145782;null;null
2018;10;08;03;17;04;24.5;33;-0.218090652624514;772.5724505128518;null;null
2018;10;08;03;18;04;24.5;33;-0.30424572483328055;739.4630915737929;null;null
2018;10;08;03;19;04;24.5;33;-0.3846657224260452;724.4071249136132;null;null
2018;10;08;03;20;04;24.5;33.099998474121094;-0.05256144891172259;786.1603567061468;null;null
2018;10;08;03;21;04;24.5;33.099998474121094;0.11948586522918832;851.3377923509609;null;null
2018;10;08;03;22;05;24.399999618530273;33.099998474121094;-0.15050679787628773;809.7124017904404;null;null
2018;10;08;03;23;05;24.399999618530273;33.099998474121094;0.0014092367820147092;748.8735743071702;null;null
2018;10;08;03;24;05;24.399999618530273;33.099998474121094;-0.0905002093011299;759.7192283284346;null;null
2018;10;08;03;25;05;24.399999618530273;33;0.016156730506371647;848.9822242501948;null;null
2018;10;08;03;26;05;24.5;33.099998474121094;-0.0014756880305101918;761.6971233550746;null;null
2018;10;08;03;27;05;24.399999618530273;33.099998474121094;-0.28084707421045607;728.6014046110676;null;null
2018;10;08;03;28;05;24.399999618530273;33.099998474121094;-0.21660312026996856;733.4593501506329;null;null
2018;10;08;03;29;05;24.399999618530273;33.099998474121094;-0.41096269335043245;780.575418806968;null;null
2018;10;08;03;30;05;24.399999618530273;33.099998474121094;-0.2532123234285247;758.5899860701873;null;null
2018;10;08;03;31;05;24.399999618530273;33.099998474121094;-0.08596007305027781;695.9073185973654;null;null
2018;10;08;03;32;05;24.399999618530273;33.20000076293945;-0.49238650712940296;678.2531021608881;null;null
2018;10;08;03;33;05;24.399999618530273;33.099998474121094;-0.36176973481994423;783.656702216233;null;null
2018;10;08;03;34;05;24.399999618530273;33.099998474121094;-0.3062686122917116;679.3359028366178;null;null
2018;10;08;03;35;05;24.399999618530273;33.099998474121094;-0.40220038328047886;805.1577541844496;null;null
2018;10;08;03;36;05;24.399999618530273;33;-0.04921153381974236;685.9832334802743;null;null
2018;10;08;03;37;05;24.399999618530273;33.099998474121094;-0.018980508321642553;712.6777894059626;null;null
2018;10;08;03;38;05;24.399999618530273;33.099998474121094;-0.0292956263734687;690.5550837926636;null;null
2018;10;08;03;39;06;24.299999237060547;33.099998474121094;-0.06603493814403727;778.8234802468764;null;null
2018;10;08;03;40;06;24.299999237060547;33;0.0402893371751695;818.0057820197359;null;null
2018;10;08;03;41;06;24.399999618530273;33.099998474121094;-0.3671155135964419;756.8801995019403;null;null
2018;10;08;03;42;06;24.399999618530273;33.099998474121094;-0.048880903356980546;740.3382808145894;null;null
2018;10;08;03;43;06;24.399999618530273;33.099998474121094;-0.21633106842368988;647.1112718629504;null;null
2018;10;08;03;44;06;24.299999237060547;33;-0.41185913062455026;743.3875310407946;null;null
2018;10;08;03;45;06;24.299999237060547;33;-0.2619379199507537;821.0892882797814;null;null
2018;10;08;03;46;06;24.399999618530273;33;-0.26101236327005634;860.8104563094522;null;null
2018;10;08;03;47;06;24.399999618530273;33;-0.005675859965652563;845.4308061484982;null;null
2018;10;08;03;48;06;24.299999237060547;33;-0.22040825128629513;846.943307038075;null;null
2018;10;08;03;49;06;24.299999237060547;32.900001525878906;-0.01935532840012453;822.0154945793212;null;null
2018;10;08;03;50;06;24.299999237060547;33;-0.1689231065664978;812.7967909190412;null;null
2018;10;08;03;51;06;24.299999237060547;33.099998474121094;-0.41488174307821446;777.3754575669451;null;null
2018;10;08;03;52;06;24.399999618530273;33.099998474121094;-0.2518710077259964;812.5811634869949;null;null
2018;10;08;03;53;07;24.299999237060547;33;-0.37587870300756715;809.5569078535265;null;null
2018;10;08;03;54;07;24.299999237060547;33;0.37078305447873783;890.2981261135075;null;null
2018;10;08;03;55;07;24.299999237060547;33.099998474121094;-0.3447051575733806;840.4956351775197;null;null
2018;10;08;03;56;07;24.299999237060547;33.099998474121094;-0.23534488884922647;724.0814462643046;null;null
2018;10;08;03;57;07;24.299999237060547;33.099998474121094;-0.014219400433993334;762.2225911356865;null;null
2018;10;08;03;58;07;24.299999237060547;33.099998474121094;0.24246558047528405;754.2894661956311;null;null
2018;10;08;03;59;07;24.200000762939453;33.099998474121094;-0.20766008229750976;836.4427275688882;null;null
2018;10;08;04;00;07;24.200000762939453;33.099998474121094;-0.26300547569103877;837.1194451006551;null;null
2018;10;08;04;01;07;24.299999237060547;33.099998474121094;-0.19269224593564138;834.5541298025385;null;null
2018;10;08;04;02;07;24.299999237060547;33.099998474121094;-0.28983623431587385;764.6989963538924;null;null
2018;10;08;04;03;07;24.299999237060547;33.099998474121094;-0.4241912510774404;808.7240510081249;null;null
2018;10;08;04;04;07;24.299999237060547;33;-0.17881535305795576;752.4265098415835;null;null
2018;10;08;04;05;07;24.299999237060547;33.099998474121094;-0.36800909752961986;618.6870391967298;null;null
2018;10;08;04;06;07;24.299999237060547;33.099998474121094;-0.035961101490243765;760.1659668500401;null;null
2018;10;08;04;07;07;24.299999237060547;33;0.03958848832700257;846.7765447769198;null;null
2018;10;08;04;08;08;24.299999237060547;33;-0.25020649225280506;854.3423939545606;null;null
2018;10;08;04;09;08;24.299999237060547;33.20000076293945;-0.14003690456409548;736.3898212166597;null;null
2018;10;08;04;10;08;24.299999237060547;33;-0.00125906744804023;767.2849262675329;null;null
2018;10;08;04;11;08;24.299999237060547;33.099998474121094;-0.22012547646534342;825.491466055345;null;null
2018;10;08;04;12;08;24.299999237060547;33.099998474121094;-0.09294765832202484;797.2578245616721;null;null
2018;10;08;04;13;08;24.299999237060547;33;-0.07800133675453513;771.3705497295161;null;null
2018;10;08;04;14;08;24.299999237060547;32.900001525878906;0.05175073406225528;833.8114568885085;null;null
2018;10;08;04;15;08;24.299999237060547;33;0.14922633243521016;662.666666594932;null;null
2018;10;08;04;16;08;24.299999237060547;33;0.05166278768989572;698.6379076146317;null;null
2018;10;08;04;17;08;24.299999237060547;33.099998474121094;-0.364730328147056;871.4077757229841;null;null
2018;10;08;04;18;08;24.299999237060547;33;-0.1008094937134255;820.8278015738408;null;null
2018;10;08;04;19;08;24.299999237060547;33.099998474121094;0.3324834534911924;688.140018698095;null;null
2018;10;08;04;20;08;24.200000762939453;33.099998474121094;0.09783563394559613;697.4564921994199;null;null
2018;10;08;04;21;08;24.200000762939453;33.099998474121094;-0.2974889755749657;823.6604181529;null;null
2018;10;08;04;22;08;24.200000762939453;33.099998474121094;-0.07423036800839929;759.8329476200154;null;null
2018;10;08;04;23;09;24.200000762939453;33.20000076293945;-0.8563142691783645;777.3737063813771;null;null
2018;10;08;04;24;09;24.200000762939453;33.099998474121094;-0.1575533182235947;809.2103911085121;null;null
2018;10;08;04;25;09;24.200000762939453;33.20000076293945;-0.04616565705240605;762.80502321072;null;null
2018;10;08;04;26;09;24.200000762939453;33.099998474121094;0.14544764799849857;833.8225408029128;null;null
2018;10;08;04;27;09;24.200000762939453;33.20000076293945;0.025147026071627915;868.1781940071929;null;null
2018;10;08;04;28;09;24.100000381469727;33.20000076293945;-0.28272628639798336;709.0902467918576;null;null
2018;10;08;04;29;09;24.100000381469727;33.29999923706055;0.005335200302789611;753.7109975392032;null;null
2018;10;08;04;30;09;24.100000381469727;33.29999923706055;0.02922767259853958;811.7596388729071;null;null
2018;10;08;04;31;09;24.100000381469727;33.20000076293945;-0.16576171279546278;648.3743350181597;null;null
2018;10;08;04;32;09;24.100000381469727;33.29999923706055;-0.3090031606009944;700.0939965945605;null;null
2018;10;08;04;33;09;24.100000381469727;33.29999923706055;0.06884214037393033;845.8141060117024;null;null
2018;10;08;04;34;09;24.100000381469727;33.29999923706055;-0.05655900541044248;766.3874540840525;null;null
2018;10;08;04;35;09;24;33.20000076293945;0.5514504934948385;769.6268856085825;null;null
2018;10;08;04;36;09;24.100000381469727;33.20000076293945;0.15078355053336878;741.0329000326249;null;null
2018;10;08;04;37;09;24.100000381469727;33.20000076293945;-0.18783439754318448;798.9603844369223;null;null
2018;10;08;04;38;10;24.100000381469727;33.29999923706055;-0.0042557282476484715;734.471113611413;null;null
2018;10;08;04;39;10;24.100000381469727;33.29999923706055;-0.16774119272048102;717.1407434281924;null;null
2018;10;08;04;40;10;24;33.20000076293945;-0.5950626777796143;797.5637369889539;null;null
2018;10;08;04;41;10;24;33.20000076293945;-0.2966848884830875;888.2822050153861;null;null
2018;10;08;04;42;10;24;33.20000076293945;-0.43778413072520844;732.8936437449944;null;null
2018;10;08;04;43;10;24.100000381469727;33.29999923706055;-0.06090398922549061;826.1788975013685;null;null
2018;10;08;04;44;10;24.100000381469727;33.29999923706055;-0.23222849228122167;748.0355615402236;null;null
2018;10;08;04;45;10;24;33.20000076293945;-0.3072106447044549;728.9862414364164;null;null
2018;10;08;04;46;10;24;33.29999923706055;-0.12431794179632377;650.9585994200866;null;null
2018;10;08;04;47;10;24;33.29999923706055;-0.14932256202740435;641.2580422952828;null;null
2018;10;08;04;48;10;24;33.29999923706055;0.04305663123192835;742.7533851132512;null;null
2018;10;08;04;49;10;24;33.400001525878906;0.044165630030130104;595.4197858477621;null;null
2018;10;08;04;50;10;24;33.29999923706055;-0.3279422450813816;639.4501122184166;null;null
2018;10;08;04;51;10;24;33.400001525878906;-0.24475209189461375;681.9495889739078;null;null
2018;10;08;04;52;10;24;33.400001525878906;-0.165834427121678;832.0498387532648;null;null
2018;10;08;04;53;11;24;33.400001525878906;0.05316575995943351;772.3065887552873;null;null
2018;10;08;04;54;11;24.100000381469727;33.29999923706055;0.046285667983044565;727.082459522133;null;null
2018;10;08;04;55;11;24;33.29999923706055;-0.3127304898522528;892.1236558521409;null;null
2018;10;08;04;56;11;24.100000381469727;33.29999923706055;-0.20478746978037055;776.0721124094106;null;null
2018;10;08;04;57;11;24.100000381469727;33.400001525878906;-0.3148318451824844;754.7428274146898;null;null
2018;10;08;04;58;11;24;33.29999923706055;-0.4415898233788138;790.7030205998374;null;null
2018;10;08;04;59;11;24;33.400001525878906;-0.32209929812785265;747.6027959245594;null;null
2018;10;08;05;00;11;24;33.400001525878906;-0.031593918726742304;800.8004629343027;null;null
2018;10;08;05;01;11;24.100000381469727;33.29999923706055;-0.3297617249845626;873.1293110754881;null;null
2018;10;08;05;02;11;24;33.29999923706055;-0.24472084610748263;823.3266445584469;null;null
2018;10;08;05;03;11;24;33.400001525878906;-0.2552128811855999;795.1413983289037;null;null
2018;10;08;05;04;11;24;33.5;-0.05960202042041435;857.936808143061;null;null
2018;10;08;05;05;11;24;33.400001525878906;-0.26850835970629705;706.3898128856671;null;null
2018;10;08;05;06;11;24;33.5;-0.32796918748598247;835.1941319098244;null;null
2018;10;08;05;07;11;24;33.400001525878906;-0.47486012374746034;786.5956572898363;null;null
2018;10;08;05;08;11;24;33.400001525878906;-0.08934573227965431;813.1545631876697;null;null
2018;10;08;05;09;12;24;33.400001525878906;-0.47661148649133933;830.0992088398519;null;null
2018;10;08;05;10;12;24;33.400001525878906;-0.4817694985694628;816.6943584013533;null;null
2018;10;08;05;11;12;24;33.400001525878906;-0.3595431867463947;854.0144047110116;null;null
2018;10;08;05;12;12;23.899999618530273;33.400001525878906;-0.04026567131715755;860.814489669481;null;null
2018;10;08;05;13;12;24;33.400001525878906;-0.10824665865072955;767.1042902911466;null;null
2018;10;08;05;14;12;24;33.400001525878906;-0.4021569696682695;810.900174767413;null;null
2018;10;08;05;15;12;24;33.400001525878906;-0.40747442932537514;747.9304853851065;null;null
2018;10;08;05;16;12;24;33.400001525878906;-0.2976009768010712;704.1121545286348;null;null
2018;10;08;05;17;12;24;33.400001525878906;-0.5135474483700321;766.0193924075229;null;null
2018;10;08;05;18;12;23.899999618530273;33.400001525878906;-0.009079924675528817;768.2042519060979;null;null
2018;10;08;05;19;12;23.899999618530273;33.400001525878906;0.02620460178068651;748.5434697034701;null;null
2018;10;08;05;20;12;24;33.5;-0.22261329669664298;742.4355886860459;null;null
2018;10;08;05;21;12;23.899999618530273;33.400001525878906;-0.3159567400492448;695.7371351684121;null;null
2018;10;08;05;22;12;23.899999618530273;33.5;-0.32544394474462035;733.2550985994164;null;null
2018;10;08;05;23;12;23.899999618530273;33.5;0.31314612643127465;806.8540138030372;null;null
2018;10;08;05;24;12;23.899999618530273;33.5;-0.41229329746624;770.8846864604055;null;null
2018;10;08;05;25;12;23.899999618530273;33.5;-0.411328171336792;719.4037721979812;null;null
2018;10;08;05;26;13;23.899999618530273;33.5;0.05428223028247037;721.2205481338034;null;null
2018;10;08;05;27;13;24;33.599998474121094;0.054728807024107456;698.8557922367924;null;null
2018;10;08;05;28;13;23.899999618530273;33.5;-0.34565317161147235;748.9098731520779;null;null
2018;10;08;05;29;13;23.899999618530273;33.599998474121094;-0.004379924015134262;841.0668078300629;null;null
2018;10;08;05;30;13;23.899999618530273;33.599998474121094;-0.15654017080102345;897.5531746671638;null;null
2018;10;08;05;31;13;23.899999618530273;33.5;-0.04009732258205667;808.9495420287676;null;null
2018;10;08;05;32;13;23.899999618530273;33.5;0.10402618197523945;786.7461559971774;null;null
2018;10;08;05;33;13;23.899999618530273;33.5;-0.4000551427534611;820.8194997233436;null;null
2018;10;08;05;34;13;24;33.5;-0.07386244427357068;727.562021718705;null;null
2018;10;08;05;35;13;23.899999618530273;33.400001525878906;-0.2054548772733208;785.4201236971427;null;null
2018;10;08;05;36;13;23.899999618530273;33.5;-0.26254301067834995;896.3691013801371;null;null
2018;10;08;05;37;13;23.899999618530273;33.5;-0.3584256479944099;756.8450724558047;null;null
2018;10;08;05;38;14;23.899999618530273;33.5;-0.3350585064542773;787.8388437390837;null;null
2018;10;08;05;39;14;23.799999237060547;33.5;-0.18258686169276006;816.3968395860088;null;null
2018;10;08;05;40;14;23.899999618530273;33.599998474121094;-0.22059779217381564;751.4265299945182;null;null
2018;10;08;05;41;14;23.899999618530273;33.599998474121094;-0.5287836080842325;861.2768641784852;null;null
2018;10;08;05;42;14;23.799999237060547;33.5;0.021382549842366896;810.6501211412512;null;null
2018;10;08;05;43;14;23.899999618530273;33.599998474121094;-0.3749717542832981;763.4319178851619;null;null
2018;10;08;05;44;14;23.899999618530273;33.599998474121094;-0.13852847644387278;794.4115306765365;null;null
2018;10;08;05;45;14;23.799999237060547;33.5;-0.34810522171449776;736.6163765105091;null;null
2018;10;08;05;46;14;23.899999618530273;33.599998474121094;-0.27785836495432026;816.5080495385416;null;null
2018;10;08;05;47;14;23.899999618530273;33.599998474121094;0.10875607742193172;726.0986816884682;null;null
2018;10;08;05;48;14;23.899999618530273;33.599998474121094;0.1853806025277559;734.5898086500335;null;null
2018;10;08;05;49;14;23.899999618530273;33.5;-0.07344286986477122;825.6393669112031;null;null
2018;10;08;05;50;14;23.899999618530273;33.5;-1.1403968551310497;711.2716942077252;null;null
2018;10;08;05;51;14;23.899999618530273;33.400001525878906;-0.2634785545531792;717.2222534440897;null;null
2018;10;08;05;52;14;23.899999618530273;33.400001525878906;-0.513764257763831;873.4891571254782;null;null
2018;10;08;05;53;14;23.899999618530273;33.400001525878906;-0.49068177406979346;791.238772227521;null;null
2018;10;08;05;54;15;23.899999618530273;33.400001525878906;-0.4071867411083213;841.5405751723595;null;null
2018;10;08;05;55;15;23.899999618530273;33.5;-0.05025724884887983;744.3839645043093;null;null
2018;10;08;05;56;15;23.799999237060547;33.5;-0.9094621671950345;793.0330969542515;null;null
2018;10;08;05;57;15;23.799999237060547;33.599998474121094;-0.3226192402857402;773.3978292275044;null;null
2018;10;08;05;58;15;23.899999618530273;33.599998474121094;-0.41511415850037214;791.6378244360121;null;null
2018;10;08;05;59;15;23.799999237060547;33.5;-0.11137574877273737;697.9795455226648;null;null
2018;10;08;06;00;15;23.799999237060547;33.5;-0.2194019874290244;786.761076468156;null;null
2018;10;08;06;01;15;23.799999237060547;33.70000076293945;-0.17530473167407537;793.9340093037347;null;null
2018;10;08;06;02;15;23.799999237060547;33.5;-0.20151286686397513;665.4700113586783;null;null
2018;10;08;06;03;15;23.799999237060547;33.5;-0.20953363915324924;787.3828061808701;null;null
2018;10;08;06;04;15;23.799999237060547;33.5;-0.5389311912334013;787.5437992598261;null;null
2018;10;08;06;05;15;23.799999237060547;33.5;-0.34113086255575104;688.5438797705345;null;null
2018;10;08;06;06;15;23.799999237060547;33.5;-0.6095115270670519;781.4558507638831;null;null
2018;10;08;06;07;15;23.799999237060547;33.5;-0.3860299454409379;789.6567056272945;null;null
2018;10;08;06;08;15;23.799999237060547;33.5;-0.2906210777713083;692.6744598015755;null;null
2018;10;08;06;09;15;23.799999237060547;33.5;-0.43098285744902554;744.9058262977437;null;null
2018;10;08;06;10;15;23.799999237060547;33.5;-0.11297957018311738;726.0980615431968;null;null
2018;10;08;06;11;16;23.799999237060547;33.5;-0.10044233315686656;806.3935348769154;null;null
2018;10;08;06;12;16;23.799999237060547;33.5;-0.014928867189167028;747.0562193963356;null;null
2018;10;08;06;13;16;23.799999237060547;33.5;-0.23123961036834959;861.7683980619465;null;null
2018;10;08;06;14;16;23.799999237060547;33.400001525878906;-0.2640592611363205;767.4811308425927;null;null
2018;10;08;06;15;16;23.799999237060547;33.400001525878906;-0.4042096326088446;752.3050787607044;null;null
2018;10;08;06;16;16;23.799999237060547;33.400001525878906;-0.26274010394449043;735.2649565226536;null;null
2018;10;08;06;17;16;23.799999237060547;33.400001525878906;-0.2832093934467396;772.3367326481119;null;null
2018;10;08;06;18;16;23.799999237060547;33.400001525878906;-0.05856164323570218;785.4505475546455;null;null
2018;10;08;06;19;16;23.799999237060547;33.400001525878906;-0.1457379733788033;856.0465512564258;null;null
2018;10;08;06;20;16;23.799999237060547;33.5;0.050465065412215675;815.6840954448415;null;null
2018;10;08;06;21;16;23.799999237060547;33.400001525878906;-0.3740204069712513;734.1280022504275;null;null
2018;10;08;06;22;16;23.799999237060547;33.400001525878906;-0.35564720556507173;756.8815251340394;null;null
2018;10;08;06;23;16;23.799999237060547;33.400001525878906;-1.0137762719004937;851.5634576158322;null;null
2018;10;08;06;24;16;23.799999237060547;33.29999923706055;-0.1774682936168665;664.9111622612767;null;null
2018;10;08;06;25;17;23.799999237060547;33.400001525878906;-0.061537798689519946;710.6624279806849;null;null
2018;10;08;06;26;17;23.799999237060547;33.5;0.0033242353003344865;822.0545052164551;null;null
2018;10;08;06;27;17;23.799999237060547;33.5;-0.2823632458633147;904.0713447778962;null;null
2018;10;08;06;28;17;23.799999237060547;33.5;0.007114348336900589;758.9963127074926;null;null
2018;10;08;06;29;17;23.799999237060547;33.5;-0.3364792130156573;794.7035349749717;null;null
2018;10;08;06;30;17;23.799999237060547;33.5;-0.4406000054534212;769.8219227779833;null;null
2018;10;08;06;31;17;23.700000762939453;33.5;-0.20472051826366544;816.9895591198157;null;null
2018;10;08;06;32;17;23.700000762939453;33.5;-0.7660968035454147;769.2632364709793;null;null
2018;10;08;06;33;17;23.700000762939453;33.5;-0.42055334437488745;715.8207781513271;null;null
2018;10;08;06;34;17;23.799999237060547;33.599998474121094;-0.16008122872624853;772.1588688541613;null;null
2018;10;08;06;35;17;23.799999237060547;33.70000076293945;-0.07477013351885682;862.3144259308195;null;null
2018;10;08;06;36;17;23.799999237060547;33.599998474121094;0.009484453196052983;736.7532677575738;null;null
2018;10;08;06;37;17;23.799999237060547;33.599998474121094;-0.33637997280087933;854.0909699987467;null;null
2018;10;08;06;38;17;23.799999237060547;32;-0.028326394617544784;788.3620722644387;null;null
2018;10;08;06;39;17;23.799999237060547;33.599998474121094;-0.15596927551249734;795.7175520458812;null;null
2018;10;08;06;40;17;23.899999618530273;33.70000076293945;0.03539967219204149;769.2943858966502;null;null
2018;10;08;06;41;18;23.899999618530273;33.599998474121094;-0.18254095066631162;729.1848342377547;null;null
2018;10;08;06;42;18;23.899999618530273;33.599998474121094;-0.44424641197717585;766.7015303593103;null;null
2018;10;08;06;43;18;23.899999618530273;33.70000076293945;-0.4982212251370759;854.4712076636872;null;null
2018;10;08;06;44;18;23.899999618530273;33.599998474121094;-0.22762056387386698;896.7257601675457;null;null
2018;10;08;06;45;18;23.899999618530273;33.599998474121094;-0.42719149207692086;780.0876913109512;null;null
2018;10;08;06;46;18;23.899999618530273;33.599998474121094;-0.34590854919921;744.0803787206517;null;null
2018;10;08;06;47;18;23.799999237060547;33.599998474121094;-0.4481070805770222;752.785763071582;null;null
2018;10;08;06;48;18;23.799999237060547;33.599998474121094;-0.3134308660246264;832.5535098077677;null;null
2018;10;08;06;49;18;23.799999237060547;33.599998474121094;-0.030595216754527754;742.9586939360304;null;null
2018;10;08;06;50;18;23.799999237060547;33.70000076293945;-0.1712802820007192;704.7066085524268;null;null
2018;10;08;06;51;18;23.799999237060547;33.70000076293945;-0.47756550287667;832.0806279631151;null;null
2018;10;08;06;52;18;23.799999237060547;33.79999923706055;-0.7718956359591054;817.3343744875285;null;null
2018;10;08;06;53;18;23.799999237060547;33.79999923706055;0.2719796418605672;691.4597211300218;null;null
2018;10;08;06;54;18;23.799999237060547;33.70000076293945;0.27737461199097385;789.5043284069816;null;null
2018;10;08;06;55;18;23.799999237060547;33.70000076293945;0.08433925778288764;826.4553898661889;null;null
2018;10;08;06;56;19;23.799999237060547;33.79999923706055;-0.36605118054896824;792.7824369414927;null;null
2018;10;08;06;57;19;23.899999618530273;33.79999923706055;-0.07416199723125037;691.4916372157381;null;null
2018;10;08;06;58;19;23.799999237060547;33.79999923706055;0.11530936153459942;827.5615665576208;null;null
2018;10;08;06;59;19;23.799999237060547;33.79999923706055;-0.28010517934711937;833.5908475543558;null;null
2018;10;08;07;00;19;23.799999237060547;33.900001525878906;-0.10857671277300295;798.4114605704251;null;null
2018;10;08;07;01;19;23.799999237060547;33.900001525878906;-0.1407863896276264;719.1193177086552;null;null
2018;10;08;07;02;19;23.799999237060547;34.099998474121094;-0.20000403668642852;740.3378498697075;null;null
2018;10;08;07;03;19;23.799999237060547;34;0.07530889075639863;828.6084496979175;null;null
2018;10;08;07;04;19;23.700000762939453;33.900001525878906;-0.17903538091324375;737.6920073200711;null;null
2018;10;08;07;05;19;23.799999237060547;34;-0.13903764071529712;790.8280867628243;null;null
2018;10;08;07;06;19;23.700000762939453;34;-0.4342143066301367;756.2771852648666;null;null
2018;10;08;07;07;19;23.700000762939453;34.099998474121094;-0.40109014015780053;707.8291446106069;null;null
2018;10;08;07;08;19;23.799999237060547;34;-0.2996794989612212;692.2522133022741;null;null
2018;10;08;07;09;20;23.799999237060547;34;-0.35084734606055235;861.6733518105034;null;null
2018;10;08;07;10;20;23.799999237060547;34;-0.257898021348558;810.3781805676883;null;null
2018;10;08;07;11;20;23.799999237060547;34;-0.39205633512671717;881.2653988907111;null;null
2018;10;08;07;12;20;23.799999237060547;34;-0.5046841727323665;843.1399095851565;null;null
2018;10;08;07;13;20;23.799999237060547;34.099998474121094;-0.3283039422214029;817.5292290933066;null;null
2018;10;08;07;14;20;23.799999237060547;34.099998474121094;-0.28830632690375;869.6602996681193;null;null
2018;10;08;07;15;20;23.799999237060547;34.099998474121094;-0.5276913752063084;844.531106301568;null;null
2018;10;08;07;16;20;23.700000762939453;34.20000076293945;-0.4903828018317329;869.0424309314039;null;null
2018;10;08;07;17;20;23.700000762939453;34.20000076293945;-0.2380434618901618;685.8991225690125;null;null
2018;10;08;07;18;20;23.799999237060547;34.20000076293945;0.04152213422480999;749.4007216555082;null;null
2018;10;08;07;19;20;23.700000762939453;34.099998474121094;-0.10111950185329369;745.7071608177035;null;null
2018;10;08;07;20;20;23.799999237060547;34.20000076293945;-0.4605951172440512;791.1518297378536;null;null
2018;10;08;07;21;20;23.700000762939453;34.20000076293945;-0.14353807770548777;838.4058785630721;null;null
2018;10;08;07;22;20;23.700000762939453;34.20000076293945;-0.10590953333889758;769.9534122432245;null;null
2018;10;08;07;23;20;23.700000762939453;34.29999923706055;0.05389386306171293;806.4442619514164;null;null
2018;10;08;07;24;21;23.700000762939453;34.20000076293945;-0.2628429101833923;945.2375119897563;null;null
2018;10;08;07;25;21;23.700000762939453;34.20000076293945;-0.02206892278215372;820.8111118995474;null;null
2018;10;08;07;26;21;23.799999237060547;34.20000076293945;-0.28662351084403515;756.4947866353889;null;null
2018;10;08;07;27;21;23.799999237060547;34.20000076293945;-0.26051624552108726;704.1946907380468;null;null
2018;10;08;07;28;21;23.799999237060547;34.20000076293945;-0.39567921322616323;777.2602016056542;null;null
2018;10;08;07;29;21;23.799999237060547;34.20000076293945;-0.3248927562700541;806.4631617854162;null;null
2018;10;08;07;30;21;23.799999237060547;34.20000076293945;-0.4807709994877806;740.6999967145352;null;null
2018;10;08;07;31;21;23.799999237060547;34.29999923706055;-0.07271618631177988;765.4875231509882;null;null
2018;10;08;07;32;21;23.799999237060547;34.20000076293945;-0.47375848955561217;744.3560072120915;null;null
2018;10;08;07;33;21;23.799999237060547;34.29999923706055;-0.39180348511108254;738.5494279389484;null;null
2018;10;08;07;34;21;23.799999237060547;34.29999923706055;-0.10878893280095964;803.4519227120819;null;null
2018;10;08;07;35;21;23.799999237060547;34.20000076293945;-0.23837949280013987;772.6506962095592;null;null
2018;10;08;07;36;21;23.899999618530273;34.29999923706055;-0.42555660300847997;760.1876071085817;null;null
